650000 2700000 0.187353244796611
650655.555555556 2700303.03030303 0.24959922668758
651311.111111111 2700606.06060606 0.232523538121546
651966.666666667 2700909.09090909 0.131265311010207
652622.222222222 2701212.12121212 -0.017576743034879
653277.777777778 2701515.15151515 -0.223750669397867
653933.333333333 2701818.18181818 -0.42937893596967
654588.888888889 2702121.21212121 -0.621026335715993
655244.444444444 2702424.24242424 -0.755683053438473
655900 2702727.27272727 -0.841282548109915
656555.555555556 2703030.3030303 -0.87538717172502
657211.111111111 2703333.33333333 -0.883059871565598
657866.666666667 2703636.36363636 -0.896049943888853
658522.222222222 2703939.39393939 -0.971944481342282
659177.777777778 2704242.42424242 -1.13559408344052
659833.333333333 2704545.45454545 -1.37827520938421
660488.888888889 2704848.48484848 -1.68607497918985
661144.444444444 2705151.51515152 -1.97082277049035
661800 2705454.54545455 -2.2012006737455
662455.555555556 2705757.57575758 -2.32672487016904
663111.111111111 2706060.60606061 -2.32754051817789
663766.666666667 2706363.63636364 -2.20239558354559
664422.222222222 2706666.66666667 -1.95648846323366
665077.777777778 2706969.6969697 -1.63165197913436
665733.333333333 2707272.72727273 -1.23160274025211
666388.888888889 2707575.75757576 -0.744740575427575
667044.444444444 2707878.78787879 -0.230680315883288
667700 2708181.81818182 0.24709905459196
668355.555555556 2708484.84848485 0.73537411944778
669011.111111111 2708787.87878788 1.1111356027499
669666.666666667 2709090.90909091 1.38023714713377
670322.222222222 2709393.93939394 1.57341055118874
670977.777777778 2709696.96969697 1.75576068852376
671633.333333333 2710000 1.9709991960142
672288.888888889 2710303.03030303 2.26462283943371
672944.444444444 2710606.06060606 2.64122046087085
673600 2710909.09090909 3.00314948698024
674255.555555556 2711212.12121212 3.28638094377221
674911.111111111 2711515.15151515 3.4181661496817
675566.666666667 2711818.18181818 3.35867399822365
676222.222222222 2712121.21212121 3.12358314112304
676877.777777778 2712424.24242424 2.81927957915734
677533.333333333 2712727.27272727 2.56424103296894
678188.888888889 2713030.3030303 2.40920493961417
678844.444444444 2713333.33333333 2.38681821157696
679500 2713636.36363636 2.46380202486902
680155.555555556 2713939.39393939 2.57568247340133
680811.111111111 2714242.42424242 2.63545104338768
681466.666666667 2714545.45454545 2.60502997156536
682122.222222222 2714848.48484848 2.45974324622107
682777.777777778 2715151.51515152 2.21367188352917
683433.333333333 2715454.54545455 1.92605451453439
684088.888888889 2715757.57575758 1.58862624650515
684744.444444444 2716060.60606061 1.26026656766043
685400 2716363.63636364 0.983827766259249
686055.555555556 2716666.66666667 0.753158830435668
686711.111111111 2716969.6969697 0.582335678204485
687366.666666667 2717272.72727273 0.497901806478627
688022.222222222 2717575.75757576 0.428395074880391
688677.777777778 2717878.78787879 0.362446462737683
689333.333333333 2718181.81818182 0.246069498236837
689988.888888889 2718484.84848485 0.037096730510825
690644.444444444 2718787.87878788 -0.220110643166964
691300 2719090.90909091 -0.495077261268783
691955.555555556 2719393.93939394 -0.731587882157605
692611.111111111 2719696.96969697 -0.862611277639193
693266.666666667 2720000 -0.888237882489498
693922.222222222 2720303.03030303 -0.827457533922428
694577.777777778 2720606.06060606 -0.737742195778936
695233.333333333 2720909.09090909 -0.684077694989404
695888.888888889 2721212.12121212 -0.698796898679432
696544.444444444 2721515.15151515 -0.786372879223356
697200 2721818.18181818 -0.89904550689466
697855.555555556 2722121.21212121 -0.990426373248399
698511.111111111 2722424.24242424 -0.994124676818583
699166.666666667 2722727.27272727 -0.865670554344144
699822.222222222 2723030.3030303 -0.630945321682653
700477.777777778 2723333.33333333 -0.320938744175844
701133.333333333 2723636.36363636 -0.00524348479658888
701788.888888889 2723939.39393939 0.228314486726311
702444.444444444 2724242.42424242 0.333693259358742
703100 2724545.45454545 0.310485164895157
703755.555555556 2724848.48484848 0.210217232302797
704411.111111111 2725151.51515152 0.120280091111998
705066.666666667 2725454.54545455 0.128619648112389
705722.222222222 2725757.57575758 0.312876643140993
706377.777777778 2726060.60606061 0.648403068160032
707033.333333333 2726363.63636364 1.03950166084774
707688.888888889 2726666.66666667 1.37615217689227
708344.444444444 2726969.6969697 1.59334856905162
709000 2727272.72727273 1.61966601761832
709655.555555556 2727575.75757576 1.51134409139355
710311.111111111 2727878.78787879 1.34071997438709
710966.666666667 2728181.81818182 1.17789366361467
711622.222222222 2728484.84848485 1.13474857998014
712277.777777778 2728787.87878788 1.21709224157438
712933.333333333 2729090.90909091 1.39793313006229
713588.888888889 2729393.93939394 1.58308788995147
714244.444444444 2729696.96969697 1.73829356932438
714900 2730000 1.81208112920538