650000 2700000 5.985
650655.555555556 2700303.03030303 6.99832575757568
651311.111111111 2700606.06060606 7.99467171717172
651966.666666667 2700909.09090909 8.96945454545447
652622.222222222 2701212.12121212 9.93151515151516
653277.777777778 2701515.15151515 10.8880084175083
653933.333333333 2701818.18181818 11.844393939394
654588.888888889 2702121.21212121 12.8231784511784
655244.444444444 2702424.24242424 13.8483333333334
655900 2702727.27272727 14.9465454545455
656555.555555556 2703030.3030303 16.140372053872
657211.111111111 2703333.33333333 17.455888888889
657866.666666667 2703636.36363636 18.9289090909091
658522.222222222 2703939.39393939 20.5664090909092
659177.777777778 2704242.42424242 22.3841835016835
659833.333333333 2704545.45454545 24.4141515151517
660488.888888889 2704848.48484848 26.6540067340067
661144.444444444 2705151.51515152 29.0706094276096
661800 2705454.54545455 31.692909090909
662455.555555556 2705757.57575758 34.4959191919189
663111.111111111 2706060.60606061 37.4801346801346
663766.666666667 2706363.63636364 40.6742727272724
664422.222222222 2706666.66666667 44.0224999999999
665077.777777778 2706969.6969697 47.3772996632992
665733.333333333 2707272.72727273 50.9542727272725
666388.888888889 2707575.75757576 54.5945723905728
667044.444444444 2707878.78787879 58.3154932659939
667700 2708181.81818182 62.0633181818185
668355.555555556 2708484.84848485 65.792696969697
669011.111111111 2708787.87878788 69.5544149831653
669666.666666667 2709090.90909091 73.306196969697
670322.222222222 2709393.93939394 77.0823198653201
670977.777777778 2709696.96969697 80.8036329966329
671633.333333333 2710000 84.4120000000002
672288.888888889 2710303.03030303 87.9759865319864
672944.444444444 2710606.06060606 91.4807592592594
673600 2710909.09090909 94.8111818181817
674255.555555556 2711212.12121212 97.9736498316495
674911.111111111 2711515.15151515 100.98855050505
675566.666666667 2711818.18181818 103.924083333333
676222.222222222 2712121.21212121 106.755185185185
676877.777777778 2712424.24242424 109.356150673401
677533.333333333 2712727.27272727 111.564136363636
678188.888888889 2713030.3030303 113.489635521885
678844.444444444 2713333.33333333 115.224814814815
679500 2713636.36363636 116.540909090909
680155.555555556 2713939.39393939 117.399328282828
680811.111111111 2714242.42424242 117.886955387205
681466.666666667 2714545.45454545 117.924090909091
682122.222222222 2714848.48484848 117.4507996633
682777.777777778 2715151.51515152 116.427336700337
683433.333333333 2715454.54545455 114.821696969697
684088.888888889 2715757.57575758 112.793622895623
684744.444444444 2716060.60606061 110.105658249158
685400 2716363.63636364 106.82390909091
686055.555555556 2716666.66666667 103.075564814816
686711.111111111 2716969.6969697 98.8583400673408
687366.666666667 2717272.72727273 94.2563712121223
688022.222222222 2717575.75757576 89.2673282828272
688677.777777778 2717878.78787879 83.956682659932
689333.333333333 2718181.81818182 78.4023333333324
689988.888888889 2718484.84848485 72.6384932659928
690644.444444444 2718787.87878788 66.7374764309756
691300 2719090.90909091 60.790136363636
691955.555555556 2719393.93939394 54.8014781144783
692611.111111111 2719696.96969697 48.872568181818
693266.666666667 2720000 43.2671666666669
693922.222222222 2720303.03030303 37.8532996632996
694577.777777778 2720606.06060606 32.6290404040407
695233.333333333 2720909.09090909 27.6427424242424
695888.888888889 2721212.12121212 22.9508451178455
696544.444444444 2721515.15151515 18.5599865319866
697200 2721818.18181818 14.4807272727276
697855.555555556 2722121.21212121 10.6970345117851
698511.111111111 2722424.24242424 7.15668518518552
699166.666666667 2722727.27272727 3.86179545454529
699822.222222222 2723030.3030303 0.862047138046798
700477.777777778 2723333.33333333 -1.82360185185194
701133.333333333 2723636.36363636 -4.19874242424266
701788.888888889 2723939.39393939 -6.31716498316503
702444.444444444 2724242.42424242 -8.20552861952879
703100 2724545.45454545 -9.8682272727273
703755.555555556 2724848.48484848 -11.4256094276093
704411.111111111 2725151.51515152 -12.7593686868687
705066.666666667 2725454.54545455 -13.7983636363636
705722.222222222 2725757.57575758 -14.7581405723906
706377.777777778 2726060.60606061 -15.6722760942761
707033.333333333 2726363.63636364 -16.4499318181819
707688.888888889 2726666.66666667 -17.0527407407408
708344.444444444 2726969.6969697 -17.413074915825
709000 2727272.72727273 -17.5997272727274
709655.555555556 2727575.75757576 -17.6664082491581
710311.111111111 2727878.78787879 -17.6525959595959
710966.666666667 2728181.81818182 -17.5860227272726
711622.222222222 2728484.84848485 -17.4842659932659
712277.777777778 2728787.87878788 -17.3085538720538
712933.333333333 2729090.90909091 -17.0216363636363
713588.888888889 2729393.93939394 -16.6656986531986
714244.444444444 2729696.96969697 -16.1684865319865
714900 2730000 -15.7185